0.99986,0.00047705,0.016992,0,-0.00041587,0.99999,-0.0036038,0,-0.016993,0.0035962,0.99985,0,0,0,0,1
0.99975,-0.019272,0.011321,0,0.019246,0.99981,0.0023313,0,-0.011363,-0.0021128,0.99993,0,0,0,0,1
0.99873,0.025064,0.043635,0,-0.024715,0.99966,-0.0085088,0,-0.043833,0.0074195,0.99901,0,0,0,0,1
0.99972,0.014383,-0.019026,0,-0.014389,0.9999,-0.00015924,0,0.019021,0.00043295,0.99982,0,0,0,0,1
