1,0,0,0,0,1,0,0,0,0,1,0,0,0,0,1
0.99994,0.010526,-0.00049934,0,-0.010529,0.99992,-0.0071083,0,0.00042447,0.0071132,0.99997,0,-0.023138,-0.00023114,0.00040475,1
0.57947,0.55452,-0.59727,0,-0.59861,0.78691,0.14982,0,0.55307,0.27072,0.78792,0,-0.13526,-0.057212,0.044058,1
0.99998,-0.0051207,0.0041707,0,0.005102,0.99998,0.0044666,0,-0.0041935,-0.0044452,0.99998,0,-0.023387,-0.00033159,0.00016624,1
-0.50118,0.60172,-0.62189,0,-0.63486,0.23267,0.73676,0,0.58802,0.76406,0.2654,0,-0.15179,-0.16765,0.19025,1
0.99951,0.031077,-0.0023024,0,-0.031108,0.9994,-0.015197,0,0.0018288,0.015261,0.99988,0,-0.022898,-0.00012992,0.0010487,1
0.55566,0.59644,-0.57922,0,-0.5616,0.78298,0.2675,0,0.61307,0.17665,0.77003,0,-0.14154,-0.047824,0.043827,1
0.99996,-0.0089759,-0.0022401,0,0.0089748,0.99996,-0.00050082,0,0.0022445,0.00048069,1,0,-0.023182,0.00054158,-0.00038936,1
